[2, 5, 6, 7, 9, 4, 3, 1, 7, 10, 12, 15, 17, 18, 11, 14, 13, 16] = 30 inversions

[18, 5, 14, 13, 20, 11, 19, 7, 15, 16, 17, 8, 9, 1] = 55

[5,9,79,62,10,86,78,22,52,19,81,58,33,69,32,17,65,54,1,16,85,39,3,73,11,40,89,6,76,88,27,15,41,57,63,59,75,30,67,24,82,14,48,83,56,61,23,21,74,18,60,12] = 648

[18,8,22,12,23,14,16,21,15,5,3,1,11,4,26,17,10,7,13] = 103

[50,15,53,76,32,57,49,30,54,1,45,41,13,9,68,35,82,71,19,29,31,69,7,61,3,14,40,70,64,72,12,74,16,44,56,21,51,11,22,33,73,55,43,48,28,37,67,24,75,80] = 568

[17,4,5,11,19,6,12,20,9,1,16,13,10] = 36

[40,29,41,7,32,17,34,20,14,38,21,6,31,51,49,33,37,4,22,55,62,54,53,1,5,23,44,16,12,46,8,42,10,30,61,59,60,64,65,19,13,35,25] = 393

[66,68,40,3,19,26,51,27,22,50,23,8,71,61,56,14,73,48,10,57,18,65,13,64,60,34,49,6,21,69,47,59,72,15,53,42,29,20,17,46,1,11,58,39] = 511

[37,21,16,27,7,11,29,38,20,18,8,2,32,14,26,46,17,6,31,22,23,10,33,1,12,28,35,44,47,19,45,4] = 225

[7,6,41,11,33,29,36,38,17,2,24,45,10,23,14,40,15,37,35,42,1,16,39,43,19,12,28,31,5,18,25,30,27] = 252

[35,21,17,62,40,71,19,61,9,25,74,3,37,70,46,78,86,60,53,12,87,1,26,54,84,13,90,59,56,85,57,27,81,6,79,14,15,89,30,63,29,7,22,92,5,16,73,75,58,34,77,39,10,31,72,83,8,49,11,66,32] = 904

[2,11,13,10,21,20,12,15,9,6,4,14,5,16,1,19] = 63

[2,7,11,8,6,12,4,10,15,1] = 20